Fn:0[A]   [0] -29.6851   [1] 20.13245   [2] 2.902614   [3] -2.70325   [4] 4.663261   [5] -0.89443   [6] 0.854144   [7] -1.84789   [8] 3.147635   [9] -1.28076   [10] 0.219248   [11] -0.48526   [12] 0.214644 
Fn:1[A]   [0] 11.82052   [1] -1.30634   [2] -0.28339 
Fn:2[A]   [0] -1.34481   [1] 1.294778   [2] 1.115249 
