Fn: 0   Type: splineFn:1[A]   [0] -0.60802   [1] 0.046071   [2] 0.624864   [3] -0.62755   [4] -0.01763   [5] -0.01706   [6] 0.204932   [7] -0.61305   [8] -0.48159   [9] -0.19068   [10] 0.085066   [11] -0.37633 
Fn:2[A]   [0] -7.47878   [1] -2.50084   [2] -1.21400 
