Fn: 0   Type: splineFn: 1   Type: splineFn:2[A]   [0] -4.04680   [1] 4.028765   [2] -0.43070 
Fn: 3   Type: splineFn:4[A]   [0] -3.63103   [1] 3.019328   [2] -0.48937 
