Fn:0[A]   [0] 70.21973   [1] -4.68897   [2] 1.477600   [3] 1.287161   [4] -0.00831 
Fn:1[A]   [0] 25.10362   [1] 47.64603   [2] 0.482896   [3] -13.2625   [4] -12.3739 
Fn:2[A]   [0] 1.0        [1] -3.73043   [2] 2.644825 
