Fn:0[A]   [0] 6.123210   [1] 8.773957   [2] 9.404473   [3] 2.042995   [4] -0.38901   [5] -8.19557   [6] -5.08676   [7] 3.921137   [8] -1.08129   [9] 0.827041   [10] -2.53436   [11] 0.852566   [12] 0.101862 
Fn:1[A]   [0] -8.97708   [1] -4.93894   [2] -2.92156 
Fn:2[A]   [0] 1.745494   [1] -1.26193   [2] -0.79543 
