Fn:0[A]   [0] 41.26883   [1] -1.87504   [2] -3.77605   [3] 0.714986   [4] -1.04007   [5] -3.09178   [6] 3.055890   [7] 3.989666   [8] 1.483925   [9] 0.820453   [10] 3.876273   [11] 1.011912   [12] -4.07544 
Fn:1[A]   [0] 218.6037   [1] 16.51674   [2] 157.4646   [3] -19.3019   [4] -55.5838   [5] -3.71366   [6] 9.702458   [7] 0.897247 
Fn:2[A]   [0] -97.5520   [1] -10.6005   [2] -14.7752 
