Fn:0[A]   [0] 6.809895   [1] -8.43361   [2] -2.09790   [3] 3.514829   [4] 0.412964   [5] -0.08882   [6] -2.68989   [7] -5.07370   [8] -0.52246   [9] -1.16553   [10] -1.62997   [11] 3.488122   [12] -1.05738 
Fn:1[A]   [0] 3.789546   [1] 11.37902   [2] -0.48592 
Fn:2[A]   [0] -0.23125   [1] -0.21743   [2] -0.01319 
