Fn:0[A]   [0] -30.0078   [1] 16.77821   [2] 1.682771   [3] -1.79942   [4] 3.836381   [5] -0.88697   [6] 0.523014   [7] -2.36300   [8] 2.315245   [9] -0.97890   [10] 0.342618   [11] 0.171739   [12] -0.08246 
Fn:1[A]   [0] 12.23120   [1] -1.57532   [2] 0.849301 
Fn:2[A]   [0] -0.67600   [1] 1.062026   [2] 0.960415 
