Fn:0[A]   [0] -28.3331   [1] -60.0409   [2] -52.2791   [3] -28.0993   [4] 4.011223   [5] 75.19116   [6] 0.900142   [7] -2.50712   [8] 2.290098   [9] 64.75906   [10] -24.3087   [11] 0.199765   [12] 0.057952 
Fn:1[A]   [0] 11.45604   [1] 200.8175   [2] 25.40230 
Fn:2[A]   [0] -0.66389   [1] -1.07150   [2] -1.00624 
