Fn:0[A]   [0] 9.260267   [1] 425.8310   [2] -4.01267   [3] -6.68510   [4] -2.96389   [5] -4.28714   [6] 7.087634   [7] 4.925506   [8] -4.02377   [9] -2.53986   [10] 2.767138   [11] -9.06316   [12] 3.681232 
Fn:1[A]   [0] 8.257385   [1] 7.191430   [2] 19.01282 
Fn:2[A]   [0] 0.162314   [1] 0.219840   [2] -0.91289 
