Fn:0[A]   [0] -27.4      [1] 15.7       [2] 2.2        [3] -4.88037   [4] 4.2        [5] 0.675391   [6] 0.282538   [7] -2.3       [8] 2.66       [9] -1.03      [10] 0.35       [11] -0.058     [12] -0.003   
Fn:1[A]   [0] 11.0       [1] -1.0       [2] -68.5089 
Fn:2[A]   [0] -1.40933   [1] 1.0        [2] -0.09245 
