Fn:0[A]   [0] 17.08431   [1] -28.1501   [2] -14.2195   [3] 2.275935   [4] 3.733520   [5] 2.582942   [6] 3.837780   [7] -1.63112   [8] 4.664483   [9] 1.934075   [10] -9.18069   [11] 9.983253   [12] -2.80761 
Fn:1[A]   [0] 17.66516   [1] 16.12159   [2] -0.33448 
Fn:2[A]   [0] 2.298881   [1] -3.45039   [2] -1.19079 
