Fn:0[A]   [0] -29.1792   [1] 14.49897   [2] 2.487692   [3] -2.08919   [4] 4.225862   [5] -2.50473   [6] 0.840420   [7] -2.55926   [8] 2.499784   [9] -0.53354   [10] 0.383383   [11] -0.058     [12] -0.003   
Fn:1[A]   [0] 11.24387   [1] -1.12824   [2] 0.5      
Fn:2[A]   [0] 3.981986   [1] 1.0        [2] 0.916370 
