Fn:0[A]   [0] -26.0585   [1] -45.1928   [2] 4.363739   [3] 2.060538   [4] 6.362394   [5] 6.395249   [6] 4.840237   [7] 0.249360   [8] 4.646465   [9] -3.38504   [10] 4.417580   [11] -4.61970   [12] 1.299022 
Fn:1[A]   [0] 24.20718   [1] 17.49758   [2] -0.36140 
Fn:2[A]   [0] -0.88597   [1] 1.192423   [2] -0.93392 
