Fn:0[A]   [0] 0.0        [1] 316.3131   [2] 0.2        [3] 10.11823   [4] -1.88612   [5] -5.67512   [6] 0.561615   [7] 0.0      
Fn:1[A]   [0] 232.4930   [1] -99.6033   [2] 196.0510   [3] 1.897136   [4] -21.2040   [5] 51.73193   [6] -7.74759   [7] -11.5554 
Fn:2[A]   [0] 1.0        [1] -18.7988   [2] 1.0      
