Fn: 0   Type: splineFn:1[A]   [0] 0.288353   [1] -0.01529   [2] 0.057549   [3] -0.01254   [4] 0.021595   [5] -0.58443   [6] 0.345752   [7] 0.130365   [8] -0.48441   [9] 0.004962   [10] -0.01123   [11] 0.171020 
Fn:2[A]   [0] -3.65191   [1] 4.100690   [2] -0.31720 
