Fn:0[A]   [0] 107.8960   [1] -0.27868   [2] 1.414865   [3] -4.84742   [4] 1.241787   [5] -6.19166   [6] -6.67671   [7] 10.66110   [8] 11.59579   [9] 44.12964   [10] -12.4218   [11] -3.49987   [12] -5.66771 
Fn:1[A]   [0] -57.9128   [1] -2.38591   [2] 63.41552   [3] 473.7429   [4] -566.944   [5] -24.3340   [6] 29.68451   [7] -105.974 
Fn:2[A]   [0] 142.4629   [1] 1066.573   [2] -12.6674 
