Fn:0[A]   [0] -4.53036   [1] 90.18985   [2] -7.76381   [3] -3.28629   [4] 0.046118 
Fn:1[A]   [0] 10.27516   [1] 134.9543   [2] 8.335483   [3] 4.252915   [4] 9.091035 
Fn:2[A]   [0] 7.396059   [1] -5.81192   [2] 1.0      
